337.7982
338.0101
338.2221
338.4341
338.6462
338.8582
339.0703
339.2824
339.4945
339.7066
339.9187
340.1309
340.3431
340.5553
340.7675
340.9797
341.1919
341.4042
341.6165
341.8288
342.0411
342.2534
342.4657
342.6781
342.8905
343.1029
343.3153
343.5277
343.7402
343.9526
344.1651
344.3776
344.5901
344.8027
345.0152
345.2278
345.4404
345.6530
345.8656
346.0782
346.2909
346.5036
346.7162
346.9290
347.1417
347.3544
347.5672
347.7800
347.9928
348.2056
348.4184
348.6313
348.8441
349.0570
349.2699
349.4828
349.6957
349.9087
350.1216
350.3346
350.5476
350.7606
350.9737
351.1867
351.3998
351.6129
351.8260
352.0391
352.2522
352.4654
352.6786
352.8917
353.1049
353.3182
353.5314
353.7447
353.9579
354.1712
354.3845
354.5978
354.8112
355.0245
355.2379
355.4513
355.6647
355.8781
356.0916
356.3051
356.5185
356.7320
356.9455
357.1591
357.3726
357.5862
357.7997
358.0133
358.2270
358.4406
358.6542
358.8679
359.0816
359.2953
359.5090
359.7227
359.9365
360.1502
360.3640
360.5778
360.7916
361.0055
361.2193
361.4332
361.6471
361.8610
362.0749
362.2888
362.5027
362.7167
362.9307
363.1447
363.3587
363.5728
363.7868
364.0009
364.2150
364.4291
364.6432
364.8573
365.0715
365.2856
365.4998
365.7141
365.9283
366.1425
366.3568
366.5710
366.7853
366.9996
367.2139
367.4283
367.6426
367.8570
368.0714
368.2858
368.5002
368.7147
368.9291
369.1436
369.3581
369.5726
369.7871
370.0016
370.2162
370.4308
370.6454
370.8600
371.0746
371.2892
371.5039
371.7185
371.9332
372.1479
372.3627
372.5774
372.7921
373.0069
373.2217
373.4365
373.6513
373.8662
374.0810
374.2959
374.5108
374.7257
374.9406
375.1555
375.3705
375.5855
375.8005
376.0155
376.2305
376.4455
376.6606
376.8757
377.0908
377.3058
377.5210
377.7361
377.9513
378.1664
378.3816
378.5968
378.8120
379.0273
379.2425
379.4578
379.6731
379.8884
380.1037
380.3190
380.5344
380.7498
380.9651
381.1805
381.3960
381.6114
381.8268
382.0423
382.2578
382.4733
382.6888
382.9044
383.1199
383.3355
383.5511
383.7666
383.9823
384.1979
384.4135
384.6292
384.8449
385.0606
385.2763
385.4920
385.7078
385.9235
386.1393
386.3551
386.5709
386.7867
387.0026
387.2184
387.4343
387.6502
387.8661
388.0821
388.2980
388.5139
388.7299
388.9459
389.1619
389.3780
389.5940
389.8101
390.0261
390.2422
390.4583
390.6744
390.8906
391.1067
391.3229
391.5391
391.7553
391.9715
392.1877
392.4040
392.6203
392.8365
393.0529
393.2692
393.4855
393.7018
393.9182
394.1346
394.3510
394.5674
394.7838
395.0003
395.2167
395.4332
395.6497
395.8662
396.0827
396.2993
396.5158
396.7324
396.9490
397.1656
397.3822
397.5989
397.8156
398.0322
398.2489
398.4656
398.6823
398.8990
399.1158
399.3326
399.5494
399.7662
399.9830
400.1998
400.4167
400.6335
400.8504
401.0673
401.2842
401.5012
401.7181
401.9351
402.1520
402.3690
402.5860
402.8031
403.0201
403.2372
403.4542
403.6713
403.8884
404.1055
404.3227
404.5398
404.7570
404.9742
405.1914
405.4086
405.6258
405.8431
406.0604
406.2776
406.4949
406.7122
406.9296
407.1469
407.3643
407.5817
407.7990
408.0164
408.2339
408.4513
408.6688
408.8862
409.1037
409.3212
409.5388
409.7563
409.9738
410.1914
410.4090
410.6266
410.8442
411.0618
411.2795
411.4971
411.7148
411.9325
412.1502
412.3680
412.5857
412.8034
413.0212
413.2390
413.4568
413.6746
413.8925
414.1103
414.3282
414.5461
414.7640
414.9819
415.1998
415.4178
415.6357
415.8537
416.0717
416.2897
416.5077
416.7258
416.9438
417.1619
417.3800
417.5981
417.8162
418.0343
418.2525
418.4706
418.6888
418.9070
419.1252
419.3435
419.5617
419.7800
419.9983
420.2166
420.4348
420.6532
420.8715
421.0899
421.3082
421.5266
421.7450
421.9634
422.1819
422.4003
422.6188
422.8372
423.0558
423.2743
423.4928
423.7113
423.9299
424.1484
424.3670
424.5856
424.8043
425.0229
425.2415
425.4602
425.6789
425.8976
426.1163
426.3350
426.5538
426.7725
426.9913
427.2101
427.4289
427.6477
427.8665
428.0854
428.3043
428.5232
428.7420
428.9610
429.1799
429.3988
429.6178
429.8368
430.0558
430.2748
430.4938
430.7128
430.9319
431.1509
431.3700
431.5891
431.8082
432.0274
432.2465
432.4657
432.6848
432.9041
433.1232
433.3425
433.5617
433.7809
434.0002
434.2195
434.4388
434.6581
434.8774
435.0968
435.3162
435.5355
435.7549
435.9743
436.1938
436.4132
436.6326
436.8521
437.0716
437.2911
437.5106
437.7301
437.9496
438.1692
438.3888
438.6084
438.8280
439.0476
439.2672
439.4869
439.7065
439.9262
440.1459
440.3656
440.5854
440.8051
441.0249
441.2446
441.4644
441.6842
441.9041
442.1239
442.3437
442.5636
442.7835
443.0034
443.2233
443.4432
443.6631
443.8831
444.1031
444.3230
444.5430
444.7631
444.9831
445.2031
445.4232
445.6432
445.8633
446.0835
446.3036
446.5237
446.7439
446.9640
447.1842
447.4044
447.6246
447.8448
448.0651
448.2853
448.5056
448.7259
448.9462
449.1665
449.3868
449.6072
449.8275
450.0479
450.2683
450.4887
450.7091
450.9296
451.1500
451.3705
451.5910
451.8115
452.0320
452.2525
452.4731
452.6936
452.9142
453.1348
453.3553
453.5760
453.7966
454.0172
454.2379
454.4586
454.6793
454.9000
455.1207
455.3414
455.5622
455.7830
456.0037
456.2245
456.4453
456.6662
456.8870
457.1078
457.3287
457.5496
457.7705
457.9914
458.2123
458.4333
458.6543
458.8752
459.0962
459.3172
459.5382
459.7593
459.9803
460.2014
460.4225
460.6436
460.8647
461.0858
461.3069
461.5280
461.7492
461.9704
462.1916
462.4128
462.6340
462.8553
463.0765
463.2978
463.5191
463.7404
463.9617
464.1830
464.4044
464.6257
464.8471
465.0685
465.2899
465.5113
465.7327
465.9542
466.1756
466.3971
466.6186
466.8401
467.0616
467.2831
467.5047
467.7263
467.9478
468.1694
468.3911
468.6127
468.8343
469.0559
469.2776
469.4993
469.7210
469.9427
470.1644
470.3862
470.6079
470.8297
471.0515
471.2733
471.4951
471.7169
471.9387
472.1606
472.3824
472.6043
472.8262
473.0482
473.2701
473.4920
473.7140
473.9359
474.1579
474.3799
474.6020
474.8240
475.0460
475.2681
475.4901
475.7122
475.9344
476.1565
476.3786
476.6007
476.8229
477.0451
477.2672
477.4895
477.7117
477.9339
478.1562
478.3784
478.6007
478.8230
479.0453
479.2676
479.4899
479.7123
479.9346
480.1570
480.3794
480.6018
480.8242
481.0467
481.2691
481.4916
481.7141
481.9366
482.1591
482.3816
482.6041
482.8267
483.0492
483.2718
483.4944
483.7170
483.9396
484.1622
484.3849
484.6075
484.8302
485.0529
485.2756
485.4984
485.7211
485.9438
486.1666
486.3894
486.6122
486.8350
487.0578
487.2806
487.5035
487.7263
487.9492
488.1721
488.3950
488.6179
488.8409
489.0638
489.2868
489.5097
489.7327
489.9557
490.1788
490.4018
490.6248
490.8479
491.0710
491.2941
491.5172
491.7403
491.9634
492.1866
492.4097
492.6329
492.8561
493.0793
493.3025
493.5258
493.7490
493.9723
494.1955
494.4188
494.6421
494.8654
495.0888
495.3121
495.5355
495.7589
495.9822
496.2056
496.4290
496.6525
496.8759
497.0994
497.3228
497.5463
497.7698
497.9933
498.2169
498.4404
498.6639
498.8875
499.1111
499.3347
499.5583
499.7819
500.0056
500.2292
500.4529
500.6766
500.9003
501.1240
501.3477
501.5714
501.7952
502.0190
502.2427
502.4665
502.6903
502.9142
503.1380
503.3618
503.5857
503.8096
504.0334
504.2574
504.4813
504.7052
504.9292
505.1531
505.3771
505.6011
505.8251
506.0491
506.2731
506.4972
506.7212
506.9453
507.1694
507.3935
507.6176
507.8417
508.0659
508.2900
508.5142
508.7383
508.9625
509.1867
509.4110
509.6352
509.8595
510.0837
510.3080
510.5323
510.7566
510.9809
511.2052
511.4296
511.6540
511.8783
512.1027
512.3271
512.5515
512.7759
513.0004
513.2249
513.4493
513.6738
513.8983
514.1228
514.3474
514.5719
514.7964
515.0210
515.2455
515.4702
515.6948
515.9194
516.1440
516.3687
516.5933
516.8180
517.0427
517.2674
517.4921
517.7169
517.9416
518.1663
518.3911
518.6159
518.8407
519.0655
519.2903
519.5151
519.7400
519.9649
520.1898
520.4147
520.6395
520.8645
521.0894
521.3143
521.5393
521.7643
521.9893
522.2143
522.4393
522.6643
522.8893
523.1144
523.3395
523.5646
523.7897
524.0148
524.2399
524.4650
524.6902
524.9153
525.1405
525.3657
525.5909
525.8161
526.0413
526.2666
526.4918
526.7171
526.9424
527.1677
527.3930
527.6183
527.8437
528.0690
528.2944
528.5198
528.7452
528.9706
529.1960
529.4214
529.6469
529.8723
530.0978
530.3232
530.5488
530.7743
530.9998
531.2253
531.4509
531.6765
531.9020
532.1276
532.3532
532.5789
532.8045
533.0302
533.2558
533.4814
533.7072
533.9329
534.1586
534.3843
534.6100
534.8358
535.0615
535.2873
535.5131
535.7389
535.9647
536.1906
536.4164
536.6423
536.8681
537.0940
537.3199
537.5458
537.7717
537.9977
538.2236
538.4496
538.6755
538.9016
539.1276
539.3536
539.5796
539.8056
540.0317
540.2578
540.4838
540.7099
540.9360
541.1622
541.3883
541.6144
541.8406
542.0668
542.2930
542.5192
542.7454
542.9716
543.1978
543.4241
543.6503
543.8766
544.1029
544.3292
544.5555
544.7819
545.0082
545.2346
545.4609
545.6873
545.9137
546.1401
546.3666
546.5930
546.8195
547.0459
547.2724
547.4988
547.7253
547.9518
548.1784
548.4049
548.6315
548.8580
549.0847
549.3112
549.5378
549.7645
549.9911
550.2177
550.4444
550.6710
550.8977
551.1244
551.3511
551.5778
551.8046
552.0313
552.2581
552.4849
552.7117
552.9384
553.1652
553.3921
553.6189
553.8458
554.0726
554.2995
554.5264
554.7533
554.9802
555.2072
555.4341
555.6610
555.8880
556.1150
556.3420
556.5690
556.7960
557.0230
557.2501
557.4771
557.7042
557.9313
558.1583
558.3854
558.6125
558.8397
559.0668
559.2940
559.5212
559.7484
559.9755
560.2028
560.4300
560.6572
560.8845
561.1118
561.3390
561.5663
561.7936
562.0209
562.2482
562.4755
562.7029
562.9302
563.1577
563.3850
563.6124
563.8398
564.0673
564.2947
564.5222
564.7496
564.9771
565.2046
565.4321
565.6596
565.8871
566.1146
566.3422
566.5698
566.7974
567.0249
567.2525
567.4802
567.7078
567.9354
568.1631
568.3907
568.6184
568.8461
569.0738
569.3015
569.5292
569.7570
569.9847
570.2125
570.4403
570.6681
570.8959
571.1237
571.3515
571.5793
571.8072
572.0351
572.2629
572.4908
572.7188
572.9467
573.1746
573.4025
573.6305
573.8585
574.0864
574.3145
574.5424
574.7704
574.9985
575.2265
575.4546
575.6826
575.9107
576.1388
576.3669
576.5950
576.8231
577.0513
577.2794
577.5076
577.7358
577.9640
578.1922
578.4204
578.6486
578.8768
579.1051
579.3334
579.5616
579.7899
580.0182
580.2465
580.4749
580.7032
580.9316
581.1599
581.3883
581.6167
581.8451
582.0735
582.3019
582.5303
582.7588
582.9872
583.2158
583.4442
583.6727
583.9012
584.1298
584.3583
584.5869
584.8154
585.0439
585.2726
585.5012
585.7297
585.9584
586.1870
586.4156
586.6443
586.8730
587.1017
587.3304
587.5591
587.7878
588.0165
588.2452
588.4740
588.7028
588.9316
589.1603
589.3892
589.6180
589.8468
590.0756
590.3045
590.5334
590.7623
590.9911
591.2200
591.4489
591.6779
591.9068
592.1357
592.3647
592.5937
592.8227
593.0517
593.2807
593.5097
593.7388
593.9678
594.1968
594.4259
594.6550
594.8841
595.1132
595.3423
595.5715
595.8006
596.0297
596.2589
596.4881
596.7173
596.9465
597.1757
597.4049
597.6342
597.8634
598.0927
598.3220
598.5513
598.7805
599.0098
599.2392
599.4685
599.6979
599.9272
600.1566
600.3860
600.6154
600.8448
601.0742
601.3036
601.5331
601.7625
601.9920
602.2214
602.4509
602.6805
602.9100
603.1395
603.3690
603.5986
603.8281
604.0577
604.2873
604.5169
604.7465
604.9761
605.2057
605.4354
605.6650
605.8947
606.1244
606.3541
606.5838
606.8135
607.0432
607.2730
607.5027
607.7325
607.9623
608.1921
608.4219
608.6517
608.8815
609.1113
609.3412
609.5710
609.8009
610.0308
610.2607
610.4905
610.7205
610.9504
611.1804
611.4103
611.6403
611.8702
612.1002
612.3302
612.5602
612.7902
613.0203
613.2503
613.4804
613.7104
613.9406
614.1706
614.4007
614.6309
614.8610
615.0911
615.3212
615.5514
615.7816
616.0118
616.2419
616.4722
616.7024
616.9326
617.1628
617.3931
617.6234
617.8536
618.0840
618.3143
618.5446
618.7749
619.0052
619.2356
619.4659
619.6963
619.9267
620.1571
620.3875
620.6179
620.8483
621.0788
621.3092
621.5397
621.7701
622.0006
622.2311
622.4617
622.6921
622.9227
623.1533
623.3838
623.6144
623.8449
624.0755
624.3062
624.5367
624.7673
624.9980
625.2286
625.4593
625.6899
625.9207
626.1514
626.3820
626.6127
626.8435
627.0742
627.3050
627.5357
627.7665
627.9973
628.2281
628.4589
628.6897
628.9205
629.1514
629.3822
629.6131
629.8440
630.0748
630.3057
630.5367
630.7676
630.9985
631.2294
631.4604
631.6913
631.9224
632.1533
632.3843
632.6154
632.8464
633.0774
633.3085
633.5395
633.7706
634.0016
634.2327
634.4638
634.6949
634.9261
635.1572
635.3884
635.6195
635.8506
636.0818
636.3130
636.5443
636.7755
637.0067
637.2379
637.4692
637.7004
637.9317
638.1630
638.3943
638.6255
638.8569
639.0882
639.3195
639.5509
639.7822
640.0136
640.2450
640.4764
640.7078
640.9392
641.1707
641.4021
641.6335
641.8650
642.0964
642.3279
642.5594
642.7910
643.0225
643.2540
643.4855
643.7170
643.9486
644.1802
644.4117
644.6434
644.8749
645.1066
645.3382
645.5698
645.8015
646.0331
646.2648
646.4965
646.7281
646.9599
647.1916
647.4233
647.6550
647.8868
648.1185
648.3503
648.5821
648.8139
649.0457
649.2775
649.5093
649.7411
649.9730
650.2049
650.4368
650.6686
650.9005
651.1324
651.3643
651.5963
651.8282
652.0601
652.2921
652.5240
652.7560
652.9880
653.2200
653.4520
653.6840
653.9161
654.1481
654.3801
654.6122
654.8443
655.0764
655.3085
655.5406
655.7727
656.0048
656.2369
656.4691
656.7013
656.9335
657.1656
657.3978
657.6300
657.8622
658.0945
658.3267
658.5590
658.7912
659.0235
659.2557
659.4880
659.7203
659.9527
660.1850
660.4173
660.6497
660.8820
661.1144
661.3467
661.5792
661.8116
662.0439
662.2764
662.5088
662.7413
662.9737
663.2062
663.4387
663.6711
663.9036
664.1361
664.3687
664.6012
664.8337
665.0663
665.2988
665.5314
665.7640
665.9966
666.2292
666.4618
666.6944
666.9270
667.1597
667.3923
667.6250
667.8577
668.0903
668.3231
668.5557
668.7885
669.0212
669.2540
669.4867
669.7194
669.9522
670.1850
670.4178
670.6506
670.8834
671.1162
671.3491
671.5819
671.8148
672.0476
672.2805
672.5134
672.7463
672.9792
673.2121
673.4451
673.6780
673.9109
674.1439
674.3769
674.6099
674.8428
675.0759
675.3088
675.5419
675.7749
676.0079
676.2410
676.4741
676.7072
676.9402
677.1733
677.4064
677.6396
677.8727
678.1058
678.3390
678.5721
678.8053
679.0385
679.2717
679.5049
679.7381
679.9713
680.2045
680.4378
680.6710
680.9043
681.1376
681.3708
681.6041
681.8375
682.0707
682.3041
682.5374
682.7708
683.0042
683.2375
683.4709
683.7042
683.9376
684.1711
684.4045
684.6379
684.8713
685.1048
685.3383
685.5717
685.8052
686.0387
686.2722
686.5057
686.7392
686.9727
687.2063
687.4398
687.6734
687.9070
688.1406
688.3741
688.6077
688.8414
689.0750
689.3086
689.5422
689.7759
690.0096
690.2432
690.4769
690.7106
690.9443
691.1780
691.4117
691.6454
691.8792
692.1130
692.3467
692.5805
692.8143
693.0481
693.2819
693.5157
693.7495
693.9834
694.2172
694.4510
694.6849
694.9188
695.1527
695.3866
695.6205
695.8544
696.0883
696.3223
696.5562
696.7902
697.0241
697.2581
697.4921
697.7261
697.9601
698.1941
698.4282
698.6622
698.8962
699.1303
699.3643
699.5984
699.8325
700.0666
700.3007
700.5349
700.7689
701.0031
701.2372
701.4714
701.7056
701.9397
702.1739
702.4081
702.6423
702.8765
703.1108
703.3450
703.5792
703.8135
704.0477
704.2820
704.5163
704.7506
704.9849
705.2192
705.4536
705.6879
705.9222
706.1566
706.3909
706.6253
706.8597
707.0941
707.3285
707.5629
707.7973
708.0317
708.2662
708.5007
708.7351
708.9696
709.2040
709.4385
709.6730
709.9076
710.1421
710.3766
710.6111
710.8457
711.0803
711.3148
711.5494
711.7840
712.0186
712.2532
712.4879
712.7225
712.9571
713.1917
713.4264
713.6611
713.8958
714.1304
714.3651
714.5999
714.8345
715.0693
715.3040
715.5388
715.7735
716.0082
716.2430
716.4778
716.7126
716.9474
717.1822
717.4171
717.6519
717.8867
718.1216
718.3564
718.5913
718.8262
719.0610
719.2960
719.5309
719.7658
720.0007
720.2357
720.4706
720.7056
720.9405
721.1755
721.4105
721.6454
721.8805
722.1155
722.3505
722.5855
722.8206
723.0556
723.2907
723.5258
723.7608
723.9959
724.2310
724.4661
724.7012
724.9364
725.1715
725.4067
725.6418
725.8770
726.1121
726.3474
726.5825
726.8177
727.0529
727.2881
727.5234
727.7586
727.9939
728.2291
728.4644
728.6997
728.9350
729.1703
729.4056
729.6409
729.8762
730.1116
730.3469
730.5823
730.8176
731.0530
731.2884
731.5237
731.7592
731.9946
732.2300
732.4654
732.7009
732.9363
733.1718
733.4072
733.6427
733.8782
734.1136
734.3492
734.5847
734.8202
735.0557
735.2913
735.5269
735.7624
735.9980
736.2335
736.4691
736.7047
736.9403
737.1759
737.4116
737.6472
737.8828
738.1185
738.3541
738.5898
738.8255
739.0612
739.2969
739.5326
739.7683
740.0040
740.2397
740.4755
740.7112
740.9470
741.1828
741.4186
741.6544
741.8901
742.1260
742.3618
742.5976
742.8334
743.0693
743.3051
743.5410
743.7769
744.0128
744.2487
744.4846
744.7205
744.9564
745.1923
745.4282
745.6642
745.9001
746.1360
746.3721
746.6080
746.8440
747.0800
747.3160
747.5521
747.7881
748.0241
748.2601
748.4962
748.7322
748.9683
749.2044
749.4405
749.6766
